1 78.003944 27.187935
2 78.07464 27.881453
3 76.610202 27.566291
4 79.040305 28.804495
5 79.421934 28.347023
6 77.492786 27.215251
7 76.13968 28.793044
8 79.126677 28.038114
9 77.857731 28.403922
10 78.033922 30.324427
11 77.231495 28.651952
12 77.313162 28.411236
13 78.397808 27.150917
14 77.439148 28.665353
15 77.026352 28.460105
16 78.173369 26.229825
17 77.780681 28.729845
18 78.013843 27.592698
19 75.722944 29.153938
20 76.984483 29.691971
21 77.672145 27.503501
22 77.706356 28.980018
23 78.776838 28.838931
24 77.703324 29.470914
25 77.2 28.6
26 76.968246 29.387471
27 76.589166 28.894473
28 77.545221 29.967896
29 75.138671 27.614778
30 77.019375 28.994778
EOF